22156148042
22156148040
22156148018
22156148051
22156148012
22156148023
22156148001
23156148904
22156148039
22156148021
22156148007
22156148026
22156148036
22156148019
22156148041
22156148038
22156148006
22156148027
22156148031
22156148035
22156148013
22156148050
22156148053
22156148016
22156148022
22156148032
22156148009
22156148028
22156148033
22156148015
22156148024
22156148048
22156148017
22156148037
22156148052
22156148045
22156148005
22156148003
22156148020
22156148044
22156148034
22156148030
22156148008
22156148046
22156148047
22156148002
22156148029
22156148004
22156148011
22156148014
23156148901
23156148903
23156148902
